1,340
2,-771
3,-840
4,-35
5,579
6,306
7,-791
8,-602
9,723
10,-626
11,244
12,793
13,874
14,289
15,-169
16,-577
17,48
18,-661
19,270
20,-406
21,-236
22,972
23,61
24,-245
25,376
26,129
27,-829
28,69
29,399
30,659
31,192
32,-871
33,-980
34,-279
35,768
36,-141
37,-751
38,-639
39,-130
40,-603
41,-443
42,563
43,-501
44,-655
45,-431
46,-361
47,-512
48,891
49,134
50,-993
51,-409
52,401
53,926
54,-775
55,589
56,-501
57,-164
58,621
59,-212
60,417
61,-807
62,-530
63,95
64,-913
65,-514
66,-246
67,201
68,-486
69,825
70,952
71,47
72,791
73,-667
74,462
75,491
76,676
77,825
78,976
79,542
80,-929
81,-917
82,-224
83,1000
84,-774
85,930
86,486
87,266
88,-198
89,188
90,375
91,-754
92,30
93,-628
94,-129
95,723
96,-685
97,907
98,60
99,-660
100,-930
101,406
102,-231
103,-729
104,126
105,764
106,753
107,335
108,-222
109,-722
110,-694
111,589
112,745
113,-394
114,-980
115,893
116,329
117,-297
118,-142
119,925
120,-642
121,326
122,-274
123,-357
124,789
125,-34
126,743
127,447
128,-156
129,-67
130,164
131,556
132,583
133,830
134,-772
135,-690
136,759
137,-528
138,-620
139,-943
140,-806
141,922
142,475
143,660
144,983
145,-18
146,10
147,-680
148,394
149,-436
150,-787
151,668
152,-341
153,25
154,-502
155,-205
156,-461
157,-791
158,458
159,44
160,440
161,-350
162,720
163,-547
164,-168
165,663
166,-742
167,546
168,-198
169,984
170,-24
171,307
172,-598
173,-702
174,131
175,125
176,188
177,421
178,81
179,17
180,873
181,-962
182,72
183,-895
184,-638
185,-249
186,-376
187,455
188,-744
189,-741
190,-75
191,-131
192,554
193,-287
194,-34
195,-901
196,528
197,-657
198,756
199,436
200,-191
201,-617
202,197
203,182
204,-271
205,184
206,-687
207,559
208,-433
209,-232
210,485
211,852
212,738
213,-814
214,-206
215,-234
216,680
217,-291
218,-725
219,-487
220,-317
221,188
222,973
223,-946
224,67
225,239
226,-953
227,-407
228,443
229,625
230,-907
231,433
232,742
233,330
234,-149
235,-721
236,356
237,-480
238,-529
239,-787
240,485
241,-91
242,-911
243,-336
244,94
245,-646
246,-568
247,271
248,196
249,452
250,-321
251,808
252,-481
253,374
254,874
255,896
256,-484
257,554
258,-106
259,497
260,-282
261,472
262,62
263,-496
264,173
265,992
266,315
267,-27
268,-265
269,289
270,-363
271,-423
272,437
273,117
274,834
275,-392
276,983
277,258
278,190
279,-670
280,356
281,9
282,-253
283,-435
284,361
285,327
286,-91
287,395
288,-777
289,848
290,454
291,487
292,106
293,753
294,-56
295,-336
296,493
297,435
298,-72
299,597
300,-856
301,-63
302,93
303,713
304,-199
305,-788
306,353
307,604
308,-359
309,-881
310,6
311,83
312,503
313,259
314,-791
315,-76
316,-640
317,978
318,14
319,348
320,834
321,-511
322,-430
323,-837
324,-788
325,-920
326,163
327,900
328,463
329,-682
330,596
331,-948
332,-478
333,668
334,982
335,977
336,-607
337,944
338,-496
339,-425
340,426
341,-237
342,191
343,-499
344,-639
345,486
346,-560
347,449
348,-592
349,990
350,-211
351,-109
352,-446
353,-454
354,-756
355,-534
356,897
357,955
358,-811
359,-332
360,159
361,-9
362,332
363,-574
364,916
365,-227
366,924
367,-851
368,-814
369,765
370,-966
371,825
372,246
373,-833
374,596
375,99
376,592
377,738
378,497
379,-497
380,842
381,58
382,-768
383,-449
384,-591
385,293
386,219
387,-720
388,-517
389,-214
390,-169
391,684
392,337
393,-195
394,-379
395,-983
396,255
397,-173
398,814
399,-968
400,554
401,-597
402,196
403,-18
404,-145
405,783
406,795
407,90
408,-196
409,626
410,-198
411,819
412,469
413,-289
414,534
415,144
416,957
417,-642
418,-379
419,-156
420,-500
421,832
422,-764
423,-825
424,-283
425,-613
426,890
427,937
428,-130
429,280
430,668
431,226
432,-970
433,258
434,380
435,148
436,-427
437,968
438,96
439,341
440,840
441,671
442,937
443,583
444,-217
445,225
446,193
447,860
448,-404
449,-177
450,380
451,-700
452,120
453,-337
454,510
455,248
456,-557
457,-636
458,400
459,783
460,-848
461,887
462,-14
463,-933
464,936
465,306
466,489
467,-614
468,-182
469,120
470,-253
471,-226
472,-232
473,-107
474,396
475,115
476,-511
477,630
478,-401
479,817
480,436
481,820
482,982
483,-78
484,-457
485,758
486,849
487,121
488,-226
489,-820
490,705
491,-532
492,271
493,-647
494,173
495,-436
496,-372
497,-282
498,-7
499,789
500,-878
501,180
502,205
503,-398
504,701
505,-1000
506,-55
507,543
508,-857
509,558
510,474
511,532
512,-159
513,-942
514,106
515,428
516,300
517,-629
518,-173
519,-597
520,556
521,-943
522,483
523,183
524,-975
525,-859
526,9
527,-551
528,47
529,169
530,-287
531,-799
532,252
533,741
534,827
535,48
536,403
537,800
538,-318
539,227
540,-565
541,-570
542,575
543,-686
544,679
545,371
546,228
547,-67
548,-136
549,200
550,-623
551,-44
552,916
553,517
554,56
555,850
556,-561
557,-704
558,12
559,552
560,751
561,188
562,195
563,838
564,-548
565,278
566,-274
567,-235
568,-453
569,-654
570,808
571,325
572,765
573,-598
574,893
575,656
576,256
577,-708
578,-55
579,-294
580,-160
581,-307
582,-79
583,-573
584,812
585,55
586,607
587,-253
588,-495
589,317
590,221
591,473
592,316
593,-99
594,512
595,797
596,797
597,-322
598,114
599,885
600,754
601,-110
602,-678
603,-295
604,85
605,384
606,-632
607,-543
608,100
609,120
610,546
611,-268
612,560
613,684
614,-76
615,-921
616,108
617,-654
618,519
619,155
620,-393
621,853
622,-21
623,663
624,740
625,819
626,588
627,-683
628,-612
629,-762
630,-74
631,-501
632,-852
633,661
634,144
635,742
636,36
637,-566
638,-899
639,-981
640,587
641,-840
642,966
643,19
644,-705
645,751
646,-897
647,-510
648,-771
649,-668
650,-25
651,118
652,289
653,364
654,354
655,-303
656,-531
657,905
658,-351
659,901
660,-688
661,-447
662,962
663,-947
664,482
665,-861
666,-814
667,905
668,-934
669,-34
670,-438
671,-806
672,-263
673,-46
674,203
675,-698
676,-164
677,-489
678,-795
679,598
680,-189
681,-543
682,-701
683,-627
684,161
685,484
686,-313
687,342
688,-402
689,-990
690,282
691,354
692,225
693,314
694,-229
695,954
696,-895
697,-115
698,290
699,-732
700,-134
701,437
702,-408
703,-489
704,344
705,-757
706,-449
707,-197
708,-15
709,667
710,382
711,-122
712,-497
713,42
714,173
715,-274
716,-590
717,-790
718,200
719,198
720,-401
721,-291
722,-675
723,998
724,-267
725,-347
726,-333
727,-155
728,-775
729,-50
730,-905
731,-272
732,-740
733,-760
734,-679
735,407
736,-11
737,-134
738,-423
739,33
740,-314
741,-480
742,-146
743,-688
744,-791
745,-436
746,-287
747,969
748,-854
749,560
750,103
751,184
752,-853
753,551
754,266
755,678
756,335
757,-524
758,531
759,487
760,33
761,608
762,-515
763,613
764,-932
765,555
766,-864
767,-579
768,935
769,-167
770,556
771,-891
772,876
773,-146
774,816
775,614
776,-657
777,-227
778,445
779,-567
780,-950
781,-884
782,199
783,786
784,-984
785,950
786,-836
787,892
788,-297
789,-611
790,300
791,-867
792,-72
793,-395
794,539
795,684
796,411
797,686
798,851
799,-699
800,-734
801,562
802,-521
803,-55
804,199
805,-117
806,-409
807,-883
808,-622
809,648
810,171
811,-601
812,-813
813,627
814,944
815,-252
816,815
817,-860
818,124
819,938
820,-190
821,405
822,632
823,-557
824,536
825,-719
826,191
827,-988
828,889
829,-730
830,237
831,902
832,728
833,172
834,-231
835,-774
836,376
837,996
838,-948
839,-872
840,696
841,445
842,-182
843,-758
844,-873
845,-804
846,905
847,349
848,-555
849,-784
850,750
851,-801
852,736
853,-456
854,920
855,927
856,-530
857,-169
858,381
859,953
860,-975
861,-225
862,286
863,925
864,-961
865,165
866,-250
867,-641
868,-62
869,-139
870,-646
871,523
872,-823
873,605
874,-933
875,695
876,-938
877,-679
878,-859
879,-66
880,432
881,682
882,113
883,-699
884,-464
885,-603
886,56
887,148
888,271
889,686
890,-55
891,-229
892,3
893,466
894,-776
895,57
896,-575
897,931
898,-434
899,794
900,-403
901,918
902,567
903,140
904,-27
905,882
906,-703
907,132
908,777
909,473
910,976
911,178
912,-138
913,-191
914,-923
915,813
916,968
917,-615
918,-831
919,176
920,146
921,818
922,223
923,553
924,-907
925,761
926,-300
927,-631
928,780
929,-864
930,556
931,-49
932,996
933,-57
934,-430
935,-901
936,-153
937,-752
938,-841
939,611
940,-829
941,-579
942,-700
943,-729
944,-236
945,-310
946,745
947,-838
948,-437
949,304
950,-999
951,-622
952,315
953,-269
954,-526
955,784
956,-333
957,-42
958,820
959,-40
960,628
961,-14
962,-927
963,737
964,517
965,725
966,920
967,-488
968,183
969,705
970,-472
971,303
972,898
973,303
974,-326
975,-309
976,-320
977,-497
978,463
979,721
980,-397
981,-527
982,65
983,966
984,207
985,523
986,290
987,14
988,145
989,377
990,-563
991,-90
992,-736
993,385
994,-533
995,107
996,-364
997,-645
998,287
999,-342
1000,-45